W South Pacific Ocean  (963,285), (963,235), (963,325), (913,285), (1013,285)
W Bass Strait  (765,663), (765,613), (765,713), (715,663), (715,713)
S Northern Territory  (566,241), (566,291), (566,191), (516,241), (516,291), (516,191), (616,241), (616,291), (616,191)
W Queensland  (628,324), (628,374), (628,274), (678,324), (678,374), (678,274), (578,324), (578,374), (578,274)
Arufara Sea  (518,12), (518,1), (518,62), (568,12), (468,12)
S Indian Ocean  (153,163), (153,213), (153,113), (203,163), (103,163)
E Bass Strait  (862,670), (862,620), (862,720), (812,670), (912,670)
SE Sea  (949,728), (949,767), (949,678), (999,728), (899,728)
N Northern Territory  (502,66), (502,16), (502,116), (552,66), (552,16), (552,116), (452,66), (452,16), (452,116)
S Southern Ocean  (305,708), (305,758), (305,658), (355,708), (255,708)
E Western Australia  (403,256), (403,306), (403,206), (453,256), (453,306), (453,206), (353,256), (353,306), (353,206)
W Coral Sea  (838,28), (838,1), (838,78), (888,28), (788,28)
S New South Wales  (761,501), (761,551), (761,451), (711,501), (711,551), (711,451), (811,501), (811,551), (881,451)
Mid Queensland  (698,288), (698,238), (698,338), (648,288), (648,238), (648,338), (748,288), (748,238), (748,338)
SW Southern Ocean  (50,702), (50,752), (50,652), (100,702), (1,702)
Victoria  (738,594), (738,544), (738,644), (788,594), (788,544), (788,644), (688,594), (688,544), (688,644)
W Mid Western Australia  (193,359), (193,409), (193,309), (143,359), (143,409), (143,309), (243,359), (243,409), (243,309)
Mid South Australia  (557,371), (557,321), (557,421), (507,371), (507,321), (507,421), (607,371), (607,321), (607,421)
SW Indian Ocean  (29,272), (29,222), (29,322), (79,272), (1,272)
S South Australia  (513,450), (513,400), (513,500), (563,450), (563,400), (563,500), (463,450), (463,400), (463,500)
E Coral Sea  (959,91), (959,41), (959,141), (1009,91), (909,91)
NW Queensland  (703,206), (703,256), (703,156), (753,206), (753,256), (753,156), (653,206), (653,256), (653,156)
NW South Pacific Ocean  (978,172), (978,122), (978,222), (928,172), (1013,172)
S Western Australia  (289,453), (289,403), (283,503), (233,453), (233,403), (233,503), (333,453), (333,403), (333,503)
N Gulf of Carpentaria  (637,23), (637,73), (637,1), (687,23), (687,73), (687,1), (587,23), (587,73), (587,1)
S Southern Ocean3  (534,721), (534,767), (534,671), (584,721), (484,721)
N Tasman Sea  (959,539), (959,589), (959,489), (1009,539), (909,539)
NW Southern Ocean  (32,423), (32,473), (32,373), (82,423), (1,423)
N Queensland  (721,128), (721,178), (721,78), (771,128), (771,178), (771,78), (671,128), (671,178), (671,78)
SE Western Australia  (388,435), (388,485), (388,385), (338,435), (338,485), (338,385), (438,435), (438,485), (438,385)
SW Western Australia  (157,491), (157,441), (157,541), (207,491), (207,441), (207,541), (107,491), (107,441), (107,541)
S Southern Ocean2  (486,648), (486,698), (486,598), (436,648), (536,648)
S Queensland  (791,412), (791,462), (791,362), (741,412), (741,462), (741,362), (841,412), (841,462), (841,362)
Tasmania  (811,717), (811,727), (811,667), (861,717), (861,767), (861,667), (761,717), (761,727), (761,667)
E Timor Sea  (376,39), (376,1), (376,89), (326,39), (426,39)
W Timor Sea  (278,58), (278,8), (278,108), (228,58), (328,58)
NE Western Australia  (346,140), (346,190), (346,90), (396,140), (396,190), (396,90), (296,140), (296,190), (296,90)
SW Queensland  (699,378), (699,328), (699,428), (649,378), (649,328), (649,428), (749,378), (749,328), (749,428)
E Mid Western Australia  (293,325), (293, 375), (293,275), (243,325), (243,375), (243,275), (343,325), (343,375), (343,275)
Upper SE Western Australia  (402,351), (402,401), (402,301), (452,351), (452,401), (452,301), (352,351), (352,401), (352,301)
SE New South Wales  (840,565), (840,515), (840,615), (890,565), (890,515), (890,615), (790,565), (790,515), (790,615)
S South Pacific Ocean  (993,418), (993,468), (993,368), (943,418), (1013,418)
W Southern Ocean  (23,555), (23,505), (23,605), (1,555), (73,555)
SE South Australia  (665,526), (665,576), (665,476), (615,526), (615,576), (615,476), (715,526), (715,576), (715,476)
E Southern Ocean  (652,643), (652,693), (652,593), (602,643), (702,643)
Indian Ocean  (134,50), (134,100), (134,1), (184,50), (84,50)
W Great Australian Bight  (354,551), (354,601), (354,501), (404,551), (304,551)
N Western Australia  (269,228), (269,278), (269,178), (219,228), (219,278), (219,178), (319,228), (319,278), (319,178)
Mid Northern Territory  (513,146), (513,196), (513,96), (563,146), (563,196), (563,96), (463,146), (463,196), (463,96)
SE Southern Ocean  (692,727), (692,767), (692,677), (652,727), (752,727)
N Great Barrier Reef  (860,108), (860,158), (860,58), (810,108), (910,108)
S Gulf of Carpentaria  (615,93), (615,43), (615,143), (665,93), (565,93)
E Great Australian Bight  (537,567), (537,517), (537,617), (587,567), (487,567)
Mid Southern Ocean  (183,599), (183,549), (183,649), (133,599), (233,599)
S Tasman Sea  (941,633), (941,683), (941,583), (991,633), (891,663)
E Queensland  (837,297), (837,247), (837,347), (887,297), (887,247), (887,347), (787,297), (787,247), (787,347)
SE Queensland  (892,433), (892,483), (892,383), (842,433), (842,483), (842,383), (942,433), (942,483), (942,383)
NW Western Australia  (132,271), (132,221), (132,321), (182,271), (182,221), (182,321), (82,271), (82,221), (82,321)
W Indian Ocean  (14,77), (14,27), (14,127), (64,77), (1,77)
E South Australia  (640,446), (640,496), (640,396), (690,446), (690,496), (690,396), (590,446), (590,496), (590,396)
S Great Barrier Reef  (874,179), (874,129), (874,229), (824,179), (924,179)
W Western Australia  (108,390), (108,340), (108,440), (158,390), (158,340), (158,440), (58,390), (58,340), (58,440)